activation: 3
0.680375 -0.211234 0 
0.566198 0.59688 0 
0.823295 -0.604897 0 
*******
-0.329554 0.536459 -0.444451 0 
*******


0.37227 0.658662 -0.286392 0 
1 1 1 1 
----------------------------
LAYER OUTPUTS
0 
1 
1 

-0.211234 
0.59688 
-0.604897 
1 

0.658662 
1 

DELTA
0.341338 

0.680375 -0.211234 0 
0.566198 0.59688 0 
0.823295 -0.604897 0 
*******
-0.336044 0.554796 -0.463033 0.0307204 
*******
DELTA
-0.11249 0.183114 -0.151708 

0.680375 -0.211234 0 
0.556074 0.61336 -0.0136537 
0.813171 -0.588417 -0.0136537 
*******
-0.336044 0.554796 -0.463033 0.0307204 
*******
DELTA
-0.167087 0.12744 

0.680375 -0.211234 0 
0.556074 0.61336 -0.0136537 
0.813171 -0.588417 -0.0136537 
*******
-0.336044 0.554796 -0.463033 0.0307204 
*******
----done----

0.416544 0.713198 -0.267186 0.0294675 
1 1 1 1 
